199210201922, 96, 85, 70,132,
199210201948, 97, 76, 73,168,
199210202000,117,102, 91, 83,
199210202100, 93, 56, 44,115,
199210202201,100, 71, 46,114,
199210202203, 70, 64, 44,111,
199210202300, 79, 36, 32,159,
199210210000, 70, 57, 45,116,
199210210001, 79, 68, 47,116,
199210210002, 72, 58, 44,117,
199210210102, 63, 50, 38,114,
199210210201,114, 80, 61,114,
199210210300, 75, 62, 50,129,
199210210400,100, 87, 65,125,
199210210700,104, 83, 67,120,
199210210800,114,106, 82, 84,
199210210900,101, 76, 57,111,
199210211000, 70, 54, 44,107,
199210211100, 60, 47, 40,108,
199210211200, 78, 57, 42,126,
199210211253, 70, 54, 47,115,
199210211445, 63, 46, 37,121,
199210211533, 73, 59, 56,153,
199210211604, 74, 61, 52,124,
199210211700, 95, 84, 58, 74,
199210211800, 94, 63, 58,111,
199210211959, 63, 35, 31,185,
199210212030, 63, 51, 37,125,
199210221419, 76, 57, 48, 97,
199210221618, 67, 56, 49,144,
199210221734, 82, 75, 67,125,
199210221833, 69, 52, 47, 96,
199210221924,103, 94, 76, 71,
199210222023, 77, 59, 48, 90,
199210231342, 80, 66, 59,133,
199210231343, 77, 60, 55, 97,
199210231925, 78, 61, 56,120,
199210232027,110, 82, 75,144,
199210232031,100, 78, 72,129,
199210232131, 74, 61, 52,120,
199210232231, 88, 75, 70,144,
199210232334, 91, 70, 63,129,
199210240034, 79, 66, 59,110,
199210240134, 81, 67, 61,113,
199210240233, 85, 70, 58,131,
199210240334, 72, 59, 54,136,
199210240433, 74, 55, 42,110,
199210241054, 82, 69, 58,147,
199210241136, 73, 58, 49,111,
199210241206, 82, 62, 55,119,
199210241258, 89, 68, 56,117,
199210241328, 78, 64, 55,105,
199210241358, 80, 61, 53,133,
199210241428, 83, 70, 60,113,
199210241458, 87, 66, 60,133,
199210241528, 80, 55, 47,119,
199210241558, 83, 63, 55,117,
199210241628, 84, 70, 60,120,
199210241659, 80, 59, 53,133,
199210241728, 68, 56, 44,136,
199210241758, 85, 72, 58,117,
199210241828, 86, 66, 54,127,
199210241857, 71, 53, 40,122,
199210241928, 81, 75, 53,138,
199210241957, 82, 70, 61,129,
199210242027, 77, 57, 52,125,
199210242057, 74, 57, 52,127,
199210242127, 82, 69, 60,127,
199210242157, 74, 56, 48,119,
199210242227, 68, 51, 44,127,
199210242257, 88, 75, 69,133,
199210242327, 84, 64, 52,129,
199210242357, 80, 66, 54,119,
199210250027, 65, 58, 53,127,
199210250057, 72, 62, 57,144,
199210250136, 86, 67, 57,136,
199210250206, 76, 63, 58,136,
199210250236, 85, 71, 60,133,
199210250306, 72, 52, 42,110,
199210250336, 73, 51, 46,127,
199210250406, 67, 50, 43,108,
199210250436, 72, 66, 54,136,
199210250506, 79, 60, 51,115,
199210250536, 78, 71, 54,174,
199210250613, 81, 61, 52,144,
199210250643, 70, 53, 45,119,
199210250713, 78, 60, 54,127,
199210250743, 94, 81, 61,144,
199210250813, 76, 57, 49,136,
199210250843, 86, 72, 61,129,
199210250913, 68, 57, 48,120,
199210250942, 70, 54, 44,111,
199210251013, 71, 50, 45,108,
199210251112, 81, 74, 60,129,
199210251142, 77, 64, 48,120,
199210251212, 91, 69, 55,144,
199210251236, 80, 65, 56,156,
199210251306, 80, 67, 54,178,
199210251336, 61, 47, 38,117,
199210251406, 85, 58, 53,119,
199210251436, 86, 66, 51,127,
199210251506, 68, 55, 43,122,
199210251536, 69, 62, 57,141,
199210251605, 83, 58, 50,115,
199210251636, 78, 65, 52,127,
199210251706, 89, 69, 56,150,
199210251735, 72, 53, 40,120,
199210251806, 80, 60, 52,115,
199210251835, 80, 68, 57,141,
199210251905, 81, 61, 51,119,
199210251935, 83, 70, 57,125,
199210252005, 84, 65, 54,131,
199210252035,103, 82, 68,133,
199210252105, 79, 67, 56,133,
199210252135, 78, 58, 48,113,
199210252205, 88, 67, 55,122,
199210252235, 82, 68, 58,141,
199210252305, 78, 57, 47,136,
199210252334, 86, 59, 51,115,
199210260005, 88, 76, 71,150,
199210260034, 85, 64, 57,129,
199210260105, 81, 67, 57,136,
199210260134, 74, 55, 41,122,
199210260205, 91, 78, 73,163,
199210260234, 70, 53, 48,120,
199210260304, 89, 62, 49,120,
199210260334, 72, 52, 47,111,
199210260404, 82, 61, 48,119,
199210260434, 77, 53, 44,104,
199210260507, 96, 88, 64,144,
199210260540,109,107,102,166,
199210260543, 98, 77, 62,144,
199210260613, 81, 60, 50,108,
199210260643, 83, 58, 50,133,
199210260713, 84, 73, 62,156,
199210260742, 78, 66, 55,127,
199210260812, 80, 67, 58,127,
199210260842, 70, 57, 49,127,
199210260912, 73, 58, 49,127,
199210260942, 80, 66, 59,147,
199210261012, 83, 69, 62,150,
199210261042,103, 83, 70,178,
199210261113,109,102, 97,182,
199210261116, 97, 83, 68,133,
199210261146, 77, 62, 53,115,
199210261215, 77, 65, 54,129,
199210261246, 75, 70, 59,131,
199210261316, 83, 64, 58,120,
199210261345, 93, 77, 71,147,
199210261416, 75, 64, 49,131,
199210261445, 73, 54, 46,102,
199210261515, 75, 56, 46,120,
199210261545, 71, 57, 44,127,
199210261615, 73, 61, 55,108,
199210261645, 83, 77, 72,159,
199210261715, 84, 65, 54,156,
199210261745, 84, 55, 43,136,
199210261815, 72, 66, 51,129,
199210261845, 73, 55, 43,111,
199210261916, 83, 75, 64,159,
199210261944, 91, 70, 60,133,
199210262014, 86, 66, 52,156,
199210262048, 84, 80, 71,150,
199210262118, 85, 58, 53,113,
199210262148, 87, 74, 63,147,
199210262218, 81, 69, 54,138,
199210262248, 69, 47, 41,119,
199210262317, 70, 57, 44,115,
199210262347, 66, 53, 46,102,
199210270017, 80, 61, 55,125,
199210270047, 74, 55, 42,119,
199210270117, 73, 56, 45,125,
199210270147, 80, 67, 55,136,
199210270217, 82, 67, 59,138,
199210270247, 82, 67, 59,138,
199210270317, 83, 63, 50,136,
199210270347, 77, 57, 47,131,
199210270417, 80, 59, 47,119,
199210270447, 88, 82, 71,156,
199210270517, 89, 63, 49,131,
199210270547, 81, 66, 57,133,
199210270616, 77, 59, 54,105,
199210270646, 73, 60, 47,129,
199210270716, 76, 52, 41,136,
199210270746, 85, 64, 53,133,
199210270816, 73, 61, 56,122,
199210270846, 75, 52, 44,129,
199210270916, 86, 57, 50,141,
199210270946, 61, 45, 33,129,
199210271016, 76, 58, 44,133,
199210271046, 71, 53, 40,117,
199210271116, 86, 60, 55,156,
199210271146, 95, 69, 59,122,
199210271216, 69, 46, 37,133,
199210271246, 84, 65, 58,127,
199210271306, 79, 53, 43,122,
199210271337, 81, 55, 46,107,
199210271406, 89, 68, 60,156,
199210271436, 79, 62, 57,150,
199210271507, 63, 49, 44,133,
199210271536, 84, 63, 53,122,
199210271606, 78, 64, 58,141,
199210271636, 84, 65, 53,136,
199210271707,104, 90, 59,153,
199210271736, 98, 77, 50,163,
199210271806, 85, 64, 48,129,
199210271840, 86, 65, 53,136,
199210271910, 80, 72, 55,159,
199210271940, 93, 82, 64,150,
199210272010, 93, 73, 63,129,
199210272040, 81, 60, 45,136,
199210272110, 82, 61, 46,136,
199210272145, 92, 63, 53,163,
199210272206, 65, 53, 42,144,
199210272237, 77, 57, 47,131,
199210272306, 78, 57, 47,129,
199210272357, 93, 80, 67,170,
199210280029, 76, 68, 59,153,
199210280129, 90, 77, 64,147,
199210280159, 69, 57, 52,150,
199210280229, 77, 58, 47,133,
199210280259, 69, 48, 37,133,
199210280328, 69, 53, 40,129,
199210280358, 78, 66, 61,144,
199210280429, 85, 65, 53,150,
199210280458, 72, 58, 40,133,
199210280528, 81, 61, 47,138,
199210280558, 74, 62, 44,129,
199210280628, 76, 52, 43,120,
199210280658, 71, 57, 50,125,
199210280731, 83, 69, 52,147,
199210280801, 85, 66, 53,141,
199210280831, 76, 65, 48,153,
199210280901, 71, 58, 50,129,
199210281033, 88, 82, 65,202,
199210281102, 81, 61, 52,144,
199210281132, 74, 56, 48,131,
199210281202, 75, 57, 47,119,
199210281252, 87, 65, 53,125,
199210281316, 82, 63, 54,138,
199210281359, 68, 57, 49,136,
199210281415, 73, 60, 52,129,
199210281429, 90, 64, 55,133,
199210281455, 86, 66, 54,131,
199210281611, 85, 63, 55,178,
199210281641, 66, 54, 44,125,
199210281710, 68, 56, 46,138,
199210281740, 76, 52, 36,133,
199210281810, 71, 59, 44,115,
199210281840, 73, 60, 50,129,
199210281929, 86, 73, 53,147,
199210281959, 74, 56, 47,133,
199210282029, 84, 53, 48,127,
199210282127, 79, 67, 51,144,
199210282157, 73, 67, 58,159,
199210282227, 77, 58, 48,141,
199210282257, 77, 57, 45,141,
199210282327, 70, 52, 41,115,
199210282357, 62, 52, 47,138,
199210290027, 57, 42, 34,120,
199210290057, 65, 50, 43,129,
199210290226, 80, 60, 50,178,
199210290257, 79, 48, 43,141,
199210290326, 81, 61, 52,141,
199210290357, 92, 70, 63,150,
199210290426, 80, 59, 41,131,
199210290456, 75, 57, 40,138,
199210290526, 65, 53, 41,122,
199210290556, 72, 54, 42,125,
199210290626, 68, 46, 39,129,
199210290656, 78, 59, 46,131,
199210290726, 79, 59, 48,131,
199210290757, 80, 66, 50,150,
199210290826, 76, 52, 42,127,
199210290856, 76, 63, 48,153,
199210290926, 71, 58, 48,138,
199210290956, 67, 46, 35,125,
199210291026, 64, 52, 38,125,
199210291055, 65, 51, 46,150,
199210291125, 86, 75, 70,163,
199210291155, 74, 56, 48,136,
199210291225, 69, 48, 37,133,
199210291255, 75, 62, 49,122,
199210291325, 64, 48, 36,131,
199210291355, 70, 52, 47,138,
199210291425, 71, 52, 41,120,
199210291455, 67, 51, 43,122,
199210291525, 75, 57, 49,144,
199210291555, 64, 58, 38,153,
199210291625, 78, 66, 60,147,
199210291655, 85, 64, 53,156,
199210291725, 76, 58, 47,136,
199210291754, 90, 71, 55,131,
199210291825, 74, 55, 45,153,
199210291856,101, 72, 54,178,
199210291924, 77, 59, 48,125,
199210291954, 86, 68, 61,156,
199210292024, 81, 68, 63,147,
199210292054, 76, 62, 44,127,
199210292124, 70, 58, 51,127,
199210292154, 70, 58, 51,127,
199210292224, 66, 44, 35,129,
199210292254, 83, 58, 40,141,
199210292324,147,100, 95,187,
199210292354, 90, 75, 65,159,
199210300024, 65, 60, 52,153,
199210300053, 78, 64, 52,125,
199210300124,100, 88, 80,113,
199210300154, 87, 66, 52,136,
199210300223, 60, 44, 34,133,
199210300253, 68, 51, 38,127,
199210300323, 62, 44, 38,111,
199210300353, 64, 47, 35,117,
199210300423, 83, 64, 53,138,
199210300453, 76, 56, 43,138,
199210300523, 83, 65, 50, 78,
199210300623, 78, 72, 61,144,
199210300653, 71, 49, 41,122,
199210300723, 91, 64, 53,136,
199210300752, 80, 60, 46,141,
199210300822, 75, 55, 46,136,
199210300852, 70, 53, 39,125,
199210300923, 66, 47, 42,156,
199210300953, 84, 73, 67, 46,
199210301023, 77, 54, 49,153,
199210301052, 71, 58, 48, 72,
199210301122,103, 75, 65,156,
199210301152, 78, 53, 45,131,
199210301222, 80, 59, 49,136,
199210301252, 76, 58, 42,131,
199210301322, 77, 58, 52,111,
199210301352, 65, 52, 47,138,
199210301421, 80, 66, 51,144,
199210301452, 88, 75, 53,150,
199210301521, 70, 53, 43,136,
199210301551, 70, 53, 43,136,
199210301621, 63, 44, 31,129,
199210301651, 84, 78, 62,159,
199210301721, 87, 54, 49,127,a
199210301751, 68, 46, 34,133,
199210301821, 77, 52, 42,108,
199210301852, 74, 59, 43,127,
199210301921, 70, 52, 38,129,
199210301958, 87, 72, 57,153,
199210302028, 77, 64, 51,150,
199210302058, 72, 48, 38,129,
199210302128, 67, 46, 33,129,
199210302157, 81, 68, 61,159,
199210302228, 75, 60, 52,163,
199210302258, 65, 56, 51,170,
199210302327, 81, 51, 43,138,
199210302357, 75, 52, 45,133,
199210310027, 70, 53, 42,133,
199210310057, 65, 48, 37,127,
199210310127, 63, 58, 53,166,
199210310227, 76, 63, 48,147,
199210310257, 71, 52, 42,129,
199210310327, 89, 62, 51,119,
199210310357, 72, 52, 40,129,
199210310427, 73, 55, 45,115,
199210310456, 74, 56, 46,136,
199210310526, 76, 57, 48,131,
199210310628, 80, 58, 42,138,
199210310658, 74, 55, 45,119,
199210310728, 77, 54, 49,144,
199210310758, 74, 49, 35,125,
199210310827, 90, 64, 46,138,
199210310858, 78, 57, 39,133,
199210310928, 73, 49, 35,120,
199210310957, 82, 61, 44,129,
199210311027, 91, 54, 46,131,
199210311059,116,110, 88,208,
199210311129,117,111, 94,214,
199210311228, 89, 68, 49,136,
199210311259, 84, 63, 46,144,
199210311329, 59, 55, 50,192,
199210311359, 54, 43, 38,166,
199210311428, 72, 55, 43,125,
199210311430, 71, 53, 43,131,
199210311459, 87, 68, 58,125,
199210311533,107, 94, 76,156,
199210311602,118,111, 92,129,
199210311633, 79, 58, 48,141,
199210311702, 86, 74, 60,166,
199210311732, 74, 51, 40,147,
199210311802, 83, 62, 57,170,
199210311832, 83, 64, 53,182,
199210311902, 79, 65, 59,156,
199210311932, 96, 74, 59,150,
199210312002, 70, 58, 43,141,
199210312032, 79, 59, 48,133,
199210312102, 76, 57, 45,133,
199210312132, 65, 44, 34,125,
199210312232, 86, 73, 68,166,
199210312302, 81, 62, 53,144,
199210312332, 84, 66, 61,138,
199211010002, 88, 61, 55,156,
199211010031, 76, 52, 47,144,
199211010101, 70, 53, 40,131,
199211010131, 86, 79, 65,153,
199211010201, 76, 57, 47,129,
199211010231, 70, 55, 50,136,
199211010301, 85, 59, 50,122,
199211010331, 78, 66, 53,120,
199211010401, 73, 53, 43,125,
199211010431, 82, 62, 48,125,
199211010501, 83, 69, 55,144,
199211010531, 71, 47, 38,131,
199211010601, 79, 32, 23,133,
199211010631, 67, 35, 24,131,
199211010737,101, 74, 47,159,
199211010806, 76, 57, 48,136,
199211010836, 71, 47, 41,129,
199211010906, 73, 55, 46,127,
199211010936, 76, 57, 47,153,
199211011006, 59, 42, 32,110,
199211011037, 75, 69, 48,182,
199211011106, 71, 52, 47,138,
199211011136, 70, 52, 43,138,
199211011207,101, 74, 60,156,
199211011236, 76, 58, 45,141,
199211011305, 79, 59, 40,131,
199211011335, 74, 55, 45,131,
199211011405, 62, 44, 36,117,
199211011435, 69, 48, 37,133,
199211011505, 72, 53, 43,131,
199211011535, 75, 51, 43,131,
199211011605, 83, 63, 49,125,
199211011635, 77, 57, 49,131,
199211011705, 87, 60, 55,156,
199211011735, 62, 47, 35,127,
199211011805, 72, 69, 64,153,
199211011835, 67, 50, 44,127,
199211011905, 75, 47, 35,125,
199211012005, 73, 61, 50,156,
199211012034, 74, 61, 43,153,
199211012105, 76, 66, 61,159,
199211012136, 93, 74, 69,187,
199211012205, 74, 68, 52,178,
199211012234, 76, 52, 47,136,
199211012305,126, 99, 80,153,
199211012334, 65, 49, 35,131,
199211020004, 74, 62, 42,125,
199211020034, 77, 52, 42,117,
199211020104, 98, 86, 69,156,
199211020134, 72, 53, 43,136,
199211020204, 88, 74, 61,136,
199211020234, 68, 51, 37,127,
199211020304, 78, 60, 49,138,
199211020334, 61, 43, 37,131,
199211020404, 74, 55, 42,125,
199211020434, 82, 65, 60,147,
199211020503, 62, 44, 35,131,
199211020532, 60, 45, 34,133,
199211020601, 76, 53, 44,147,
199211020631, 72, 58, 46,138,
199211020701, 66, 49, 36,122,
199211020732, 77, 56, 45,120,
199211020801, 72, 49, 39,127,
199211020831, 66, 49, 39,133,
199211020905, 82, 76, 62,202,
199211020934, 70, 46, 37,141,
199211021004, 65, 48, 43,133,
199211021034, 71, 47, 40,129,
199211021104, 65, 58, 43,147,
199211021133, 74, 66, 61,170,
199211021203, 83, 57, 46,144,
199211021233, 66, 54, 44,141,
199211021303, 67, 46, 31,129,
199211021337, 73, 70, 65,163,
199211021407, 87, 70, 60,166,
199211021437, 69, 53, 41,133,
199211021507, 75, 49, 44,159,
199211021537, 63, 49, 37,133,
199211021607, 71, 52, 42,120,
199211021637, 66, 55, 44,141,
199211021707, 73, 50, 39,138,
199211021736, 69, 47, 42,131,
199211021806, 84, 65, 53,131,
199211021836, 71, 58, 43,127,
199211021906, 74, 55, 45,138,
199211021936, 93, 63, 58,159,
199211022006, 88, 61, 42,147, b
199211022009, 87, 59, 42,136, b
199211022012, 76, 57, 42,129, b
199211022015, 82, 57, 39,131, b
199211022018, 86, 73, 56,156, b
199211022021, 96, 68, 49,147, b
199211022024, 91, 60, 39,122, b
199211022027, 76, 53, 35,127, b
199211022030, 64, 42, 28,133, b
199211022033, 68, 47, 32,131, b
199211022036, 77, 48, 32,129, b
199211022039, 65, 43, 29,129, b
199211022042, 67, 43, 29,131, b
199211022045, 61, 41, 28,131, b
199211022047, 70, 47, 35,131, b
199211022050, 80, 49, 36,122, b
199211022054, 76, 52, 40,136, b
199211022057, 72, 44, 34,129, b
199211022100, 66, 40, 34,131, b
199211022102, 75, 51, 35,117, b
199211022106, 69, 44, 39,125, b
199211022108, 72, 49, 32,125, b
199211022112, 75, 47, 39,119, b
199211022115, 92, 51, 44,153, b
199211022121, 85, 52, 42,159, b
199211022124, 83, 64, 55,150, b
199211022127, 76, 60, 55,159, b
199211022130, 89, 77, 55,150, b
199211022133, 91, 71, 49,153, b
199211022136,100, 93, 84,197, b
199211022139, 67, 60, 55,156, b
199211022141, 75, 57, 44,138, b
199211022144, 83, 60, 46,159, b
199211022147, 91, 71, 57,159, b
199211022151, 88, 67, 50,144, b
199211022154, 76, 58, 48,147, b
199211022157, 76, 63, 54,178, b
199211022159, 85, 66, 50,150, b
199211022203, 69, 61, 49,163, b
199211022205, 79, 60, 46,138, b
199211022208, 87, 59, 49,147, b
199211022211, 87, 74, 52,170, b
199211022214, 82, 62, 43,178, b
199211022218, 86, 64, 49,178, b
199211022222, 69, 61, 52,159, b
199211022224,108, 66, 51,153, b
199211022226, 88, 68, 58,163, b
199211022229, 83, 70, 59,163, b
199211022232, 87, 73, 60,156, b
199211022235, 86, 61, 54,156, b
199211022238, 84, 62, 49,141, b
199211022242, 89, 66, 48,127, b
199211022244, 84, 71, 57,159, b
199211022247, 81, 60, 44,138, b
199211022250, 80, 56, 51,147, b
199211022252, 75, 53, 46,136, b
199211022322, 65, 48, 35,120,
199211030005,104, 90, 73,153,
199211030035,106, 93, 77,159,
199211030104, 87, 66, 52,144,
199211030133,110,104, 92,178,
199211030135, 92, 65, 53,156,
199211030204,107, 88, 77,166,
199211030234, 68, 43, 34,122,
199211030304, 78, 53, 37,131,
199211030334, 73, 49, 37,138,
199211030404, 68, 40, 27,129,
199211030434, 65, 43, 33,131,
199211030503, 80, 60, 54,136,
199211030534,127,122,115,159,
199211030538, 78, 53, 40,136,
199211030800, 79, 53, 40,129,
199211030830, 87, 60, 47,131,
199211030900, 75, 51, 41,131,
199211030930, 74, 66, 55,144,
199211031000, 84, 58, 45,125,
199211031031, 86, 62, 55,163,
199211031059, 87, 55, 43,131,
199211031130, 71, 53, 44,136,
199211031559, 61, 44, 31,131,
199211031801, 74, 60, 50,127,m
199211031831, 69, 55, 50,136,
199211031901, 93, 81, 56,174,
199211031930, 81, 50, 42,131,
199211032000, 62, 43, 30,110,
199211032030, 70, 58, 39,133,
199211032100, 80, 61, 56,138,m
199211032147, 94, 86, 69,150,
199211032217, 76, 63, 49,163,
199211032247, 70, 47, 40,141,
199211032317, 58, 40, 31,119,
199211032348, 88, 67, 50,144,
199211040017, 74, 51, 43,141,m
199211040047, 57, 40, 27,119,
199211040117, 57, 49, 44,127,
199211040146, 77, 54, 42,117,
199211040217, 64, 57, 46,122,
199211040318, 80, 73, 68,150,
199211040346, 62, 40, 33,120,m
199211040416, 70, 49, 37,119,
199211040446, 79, 57, 48,129,
199211040516, 60, 39, 30,125,
199211040546, 57, 44, 37,119,
199211040616, 76, 66, 56,138,m
199211040652, 66, 54, 41,136,
199211040722, 65, 52, 44,163,
199211040753, 55, 52, 47,120,
199211040822, 75, 52, 47,120,
199211040852, 62, 52, 39,108,
199211040922, 56, 43, 31,108,
199211040951, 72, 55, 38,110,m
199211041022, 88, 67, 50,129,
199211041051, 59, 40, 28,131,
199211041122, 73, 54, 45,156,
199211041151, 78, 66, 48,153,m
199211041223, 70, 49, 38,127,
199211041253, 77, 54, 38,122,
199211041323, 75, 61, 50,153,
199211041353, 70, 49, 36,133,
199211041423, 65, 43, 29,125,
199211041523, 84, 53, 46,136,m
199211041554, 91, 85, 66, 62,
199211041631, 66, 45, 37,131,
199211041701, 61, 44, 30,127,
199211041731, 63, 44, 31,136,
199211041800, 57, 41, 28,125,
199211041831, 86, 66, 54,144,m
199211041912, 68, 46, 36,129,
199211042001, 69, 53, 46,131,
199211042031, 71, 48, 37,129,
199211042101, 85, 48, 41,122,
199211042143, 68, 50, 42,113,
199211042213, 70, 48, 36,127,
199211042243, 59, 38, 27,127,
199211042314, 78, 59, 54,136,
199211042343, 62, 46, 35,133,
199211050013, 84, 64, 52,141,m
199211050043, 71, 52, 44,138,
199211050113, 87, 59, 44,136,
199211050143, 73, 54, 39,120,
199211050213, 57, 48, 35,117,
199211050243, 66, 44, 38,125,
199211050312, 74, 63, 54,150,m
199211050343, 59, 44, 39,136,
199211050414, 62, 41, 33,122,
199211050443, 66, 45, 32,129,
199211050513, 69, 44, 33,129,
199211050543, 66, 50, 45,122,
199211050613, 64, 44, 36,117,m
199211050659, 58, 50, 37,153,
199211050722, 52, 38, 32,163,
199211050751, 75, 47, 42,115,
199211050821, 63, 42, 32,129,
199211050851, 64, 44, 36,127,m
199211050922, 50, 43, 38,156,
199211050951, 74, 67, 53,159,
199211051021, 61, 41, 30,120,
199211051125, 76, 62, 43,178,
199211051155, 84, 79, 62,156,m
199211051225, 59, 46, 35,129,
199211051255, 68, 51, 44,129,
199211051325, 68, 44, 33,125,
199211051356, 74, 67, 53,166,
199211051436, 77, 58, 43,136,m
199211051505, 73, 50, 38,129,
199211051535, 90, 73, 62,159,
199211051605, 58, 40, 30,129,
199211051635, 68, 46, 38,138,
199211051705,104, 77, 58,147,m
199211051735, 66, 48, 43,129,
199211051804, 68, 46, 35,129,
199211051835, 82, 57, 52,178,
199211051905, 57, 46, 41,156,m
199211051935, 67, 65, 60,156,
199211052004, 73, 51, 39,133,
199211052044, 92, 86, 81, 88,
199211052113, 65, 44, 31,133,
199211052143, 81, 68, 51,156,
199211052212, 69, 45, 34,127,
199211052242, 65, 47, 41,127,
199211052326, 77, 70, 59,141,m
199211060013, 71, 52, 44,136,
199211060043, 70, 41, 34,119,
199211060113, 70, 44, 30,119,
199211060143, 66, 45, 35,125,
199211060213, 61, 46, 33,115,
199211060245,106, 85, 58,147,
199211060315, 93, 79, 58,141,m
199211060344, 67, 46, 35,127,
199211060414, 68, 52, 41,129,
199211060444, 64, 44, 35,127,
199211060514, 51, 44, 39,144,
199211060544, 56, 42, 30,127,
199211060614, 64, 49, 43,115,
199211060643, 76, 71, 64,136,m
199211060714, 58, 37, 29,122,
199211060743, 61, 40, 31,119,
199211060813, 65, 42, 30,129,
199211060844, 73, 68, 52, 76,
199211060917, 35, 30, 22,174,
199211060950, 41, 37, 29,197,
199211061020, 71, 47, 36,138,m
199211061049, 64, 41, 31,127,
199211061141, 76, 58, 48,117,
199211061211, 65, 40, 35,122,
199211061241, 70, 53, 44,129,
199211061323,106, 86, 72,156,m
199211061353, 78, 58, 48,133,
199211061423, 80, 54, 44,133,
199211061453, 78, 53, 41,122,
199211061523, 61, 39, 29,119,
199211061558,114, 73, 62,153,
199211061630, 70, 53, 45,138,m
199211061702, 46, 42, 36,192,
199211061731, 65, 59, 45,163,
199211061801, 65, 54, 35,166,
199211061831,100, 80, 66,156,
199211061901, 59, 41, 30,131,
199211061931, 67, 50, 45,159,
199211062000, 89, 74, 65,144,m:20:14
199211062044, 94, 80, 72,159,
199211062114, 68, 46, 33,127,
199211062144, 74, 56, 44,127,
199211062214, 76, 48, 38,125,
199211062244, 72, 49, 41,131,
199211062314, 60, 50, 35,122,
199211062343, 69, 47, 35,129,
199211070013, 64, 44, 30,111,m
199211070044, 73, 60, 52,141,u
199211070125, 72, 48, 33,138,
199211070154, 84, 79, 74,187,
199211070224, 74, 46, 38,122,
199211070254, 61, 41, 28,120,
199211070324, 69, 38, 29,108,
199211070354, 65, 39, 27,113,
199211070457,102, 98, 93,174,u:4:25
199211070526, 69, 41, 28,119,s
199211070556, 64, 41, 30,125,s
199211070626, 72, 49, 35,119,s
199211070656, 54, 35, 25,133,
199211070726, 62, 44, 30,120,
199211070800, 62, 51, 42,163,m&u
199211070830, 82, 75, 56,166,
199211070859, 63, 48, 40,129,
199211070929, 54, 41, 32,129,
199211070959, 57, 45, 36,129,
199211071029, 50, 38, 29,117,
199211071100,105, 47, 34,163,
199211071129, 80, 49, 38,147,
199211071158, 77, 58, 45,150,
199211071235, 74, 64, 49,147,
199211071304, 78, 53, 45,138,
199211071334, 56, 45, 32,117,
199211071404, 76, 54, 46,147,
199211071434, 85, 71, 52,153,
199211071504, 74, 45, 37,136,
199211071534, 90, 66, 44,138,
199211071604, 65, 43, 30,136,
199211071634, 76, 64, 47,156,
199211071703, 85, 65, 50,141,
199211071733, 65, 48, 32,138,
199211071803, 64, 58, 51,153,
199211071833, 74, 51, 40,131,
199211071903, 58, 38, 26,133,
199211071934, 73, 62, 44,144,
199211072003, 79, 60, 53,159,
199211072033, 73, 66, 53,156,
199211072104, 68, 53, 38, 84,
199211072134,104, 76, 53,159,
199211072203, 85, 58, 43,156,
199211072353, 83, 72, 63,159,
199211080022, 85, 64, 54,136,
199211080051, 65, 44, 34,127,
199211080121, 72, 59, 45,127,
199211080151, 57, 39, 28,108,
199211080251, 79, 56, 51,127,
199211080321, 62, 44, 34,125,
199211080358, 63, 51, 46,141,
199211080428, 61, 41, 29,120,
199211080458, 57, 35, 25,129,
199211080528, 72, 59, 53,147,
199211080558, 74, 55, 47,144,
199211080628, 58, 41, 29,119,
199211080657, 66, 43, 35,127,
199211080727, 72, 49, 39,136,
199211080757, 54, 36, 24,117,
199211080837,112, 83, 60,156,
199211080908, 85, 62, 53,150,
199211080937, 73, 55, 50,136,
199211081007, 75, 43, 35,129,
199211081037, 57, 52, 42,136,
199211081108, 92, 71, 47,156,
199211081210, 60, 42, 31,133,
199211081240, 55, 40, 35,120,
199211081315, 83, 60, 55,156,
199211081344, 58, 38, 26,136,
199211081414, 68, 46, 37,133,
199211081447, 78, 55, 48,174,m:15:00
199211081547, 70, 51, 41,141,m
199211081616, 57, 38, 27,119,s
199211081646, 76, 49, 38,125,
199211081716, 79, 49, 39,129,
199211081747, 77, 48, 37,117,m:18:00
199211090012, 86, 63, 46,166,
199211090042, 77, 49, 38,150,
199211090113, 89, 74, 59,174,
199211090143, 97, 76, 53,133,
199211090220,142,130,104,134,
199211090222, 67, 42, 32,129,
199211090252, 72, 58, 48,133,
199211090322, 58, 40, 29,105,
199211090352, 73, 59, 54,156,
199211090421, 87, 74, 59,147,
199211090451, 61, 44, 36,120,
199211090521, 62, 41, 33,111,
199211090551, 69, 44, 33,107,
199211090621, 64, 47, 33,115,
199211090714, 95, 68, 58,156,
199211090744, 70, 49, 39,119,
199211090814, 58, 44, 36,119,
199211090843, 64, 38, 33,108,
199211090913, 54, 41, 30,113,m:9:00
199211090946, 58, 56, 51, 60,
199211091015, 71, 54, 46,127,
199211091045, 79, 59, 47,125,
199211091116, 71, 53, 42,119,
199211091145, 73, 60, 40,113,m
199211091215, 81, 68, 59,122,
199211091245, 78, 53, 39,122,
199211091315, 67, 42, 32,120,
199211091345, 61, 41, 28,136,
199211091416, 83, 70, 59,131,
199211091445, 95, 69, 60,153,
199211091515, 68, 52, 40,127,
199211091545, 57, 41, 29,110,
199211091644,106, 58, 39,156,
199211091718,106,102, 87, 63,
199211091738, 80, 69, 53,163,
199211091808, 89, 79, 56,178,
199211091837, 83, 59, 54,141,
199211091940, 61, 44, 39,127,
199211092041, 56, 34, 28,119,
199211092114, 93, 73, 49,108,
199211092213, 75, 47, 42,119,
199211092243, 85, 65, 46,122,
199211092313, 70, 44, 34,127,
199211092343, 67, 50, 42,111,
199211100013, 67, 56, 44,110,
199211100043, 63, 48, 37,127,
199211100113, 98, 78, 50,144,
199211100142, 84, 64, 47,136,
199211100212, 66, 43, 38,122,
199211100242, 68, 44, 32,125,
199211100312, 69, 43, 34,110,
199211100342, 83, 63, 43,115,
199211100412, 83, 69, 50,129,
199211100442, 66, 49, 37,119,
199211100512,103, 68, 47,138,
199211100543,123,103, 98,202,
199211100600, 79, 65, 51,159,
199211100712, 92, 81, 57,178,
199211100740, 58, 46, 37,176,
199211100810, 57, 39, 27,108,
199211100840, 72, 46, 34,104,
199211100910, 71, 59, 43,144,
199211100943,108, 78, 55,163,
199211101012, 82, 69, 51,147,
199211101042, 67, 45, 35,127,
199211101112, 54, 38, 29,104,
199211101142, 82, 54, 42,115,
199211101232,102, 83, 64,153,
199211101302, 70, 48, 38,122,
199211101332, 84, 62, 52,136,
199211101402, 86, 65, 43,147,
199211101436, 75, 57, 45,136,
199211101505, 72, 48, 40,119,
199211101535, 69, 47, 32,122,
199211101606, 73, 54, 47,153,
199211101635, 69, 48, 33,108,
199211101705, 69, 48, 31,111,
199211101735, 76, 44, 33,131,
199211101805, 82, 63, 51,133,
199211101836, 41, 37, 32,131,
199211101905, 61, 44, 30,125,
199211101934, 56, 40, 30,119,
199211102004, 68, 47, 36,129,
199211102034, 86, 55, 44,144,
199211102219, 93, 86, 76,163,
199211102248, 73, 52, 45,150,
199211102348, 73, 59, 47,144,
199211110121, 76, 62, 53,141,
199211110151, 77, 53, 40,108,
199211110221, 70, 53, 36,104,
199211110254, 84, 78, 57,138,
199211110323, 97, 84, 56,153,
199211110354, 85, 58, 46,127,
199211110423, 66, 44, 36,122,
199211110453, 67, 46, 44,129,
199211110524, 77, 54, 37,129,
199211110553, 77, 55, 45,115,
199211110623, 72, 48, 37,104,
199211110654, 81, 59, 53,144,
199211110723, 65, 55, 42,141,
199211110754, 76, 58, 43,133,
199211110823, 78, 53, 37,127,
199211110853, 66, 40, 31,115,
199211110923, 67, 51, 40,122,
199211110953, 57, 35, 24,133,
199211111022, 76, 52, 36,125,
199211111052, 89, 69, 60,163,
199211111123, 88, 68, 61,178,
199211111152, 97, 84, 79,153,
199211111227, 50, 43, 38,156,
199211111257, 67, 61, 56, 49,
199211111326,112, 90, 80,153,
199211111357, 87, 70, 65,166,
199211111426, 82, 52, 44,141,
199211111456, 87, 74, 59,136,
199211111526, 67, 42, 32,119,
199211111555, 68, 56, 40,133,
199211111625, 64, 40, 28,122,
199211111656, 96, 67, 52,138,
199211111725, 70, 47, 40,120,
199211111755, 59, 46, 41,129,
199211111825, 63, 44, 34,127,
199211111855, 66, 50, 42,120,
199211111926, 82, 74, 64,159,
199211111956, 98, 91, 80,178,
199211112025, 95, 66, 52,147,
199211112055, 82, 62, 51,153,
199211112125, 82, 56, 41,147,
199211112155, 63, 42, 30,127,
199211112224, 78, 53, 37,129,
199211112255, 60, 38, 27,115,
199211112325, 80, 66, 42,119,
199211112358, 91, 80, 62,147,
199211120027, 90, 71, 66,166,
199211120057, 66, 43, 34,129,
199211120126, 82, 57, 43,115,
199211120156, 76, 52, 41,129,
199211120226, 60, 39, 32,115,
199211120256, 80, 67, 50,119,
199211120326, 86, 75, 56,159,
199211120357, 83, 78, 71,170,
199211120443,103, 76, 63,156,
199211120512, 71, 54, 35,122,
199211120612, 65, 42, 29,111,
199211120642, 66, 45, 38,125,
199211120712, 80, 59, 49,139,
199211120742, 73, 54, 44,144,
199211120812, 68, 43, 37,122,
199211120841, 63, 40, 29,125,
199211120911, 65, 43, 31,119,
199211120941, 73, 54, 38,117,
199211121011, 88, 77, 72,147,
199211121042, 91, 60, 55,133,
199211121111, 80, 58, 53,156,
199211121141, 60, 39, 28,141,
199211121211, 68, 47, 34,136,
199211121248, 99, 79, 52,147,
199211121318, 95, 69, 51,133,
199211121347, 62, 38, 26,117,
199211121417, 77, 57, 47,141,
199211121455, 76, 57, 39,131,
199211121525, 77, 58, 39,122,
199211121555, 58, 40, 28,125,
199211121625, 73, 50, 35,120,
199211121654, 69, 58, 41,131,
199211121725, 86, 72, 53,150,
199211121756,137,133,128,202,
199211121759, 86, 80, 61,197,
199211121827, 76, 46, 37,131,
199211121857, 65, 41, 28,127,
199211121927, 67, 51, 34,113,
199211121958, 78, 59, 54,166,
199211122028, 73, 65, 54,133,
199211122058, 57, 25, 20,141,
199211122123, 73, 67, 61,187,
199211122153, 86, 56, 46,163,
199211122224, 77, 62, 55,166,
199211122256, 97, 77, 60,182,
199211122325,100, 73, 55,147,
199211122356, 95, 76, 64,163,
199211130025, 69, 47, 32,129,
199211130055, 72, 57, 52,127,
199211130125, 67, 50, 36,119,
199211130155, 75, 51, 38,119,
199211130225, 68, 45, 35,108,
199211130254, 83, 57, 42,110,
199211130325, 84, 56, 42,110,
199211130354, 73, 45, 40,129,
199211130424, 68, 45, 33,113,
199211130454, 71, 58, 39,120,m
199211130557, 80, 76, 67,156,
199211130627, 74, 68, 50,150,
199211130657, 76, 63, 54,147,
199211130726, 65, 42, 30,131,
199211130757, 95, 74, 65,141,m
199211130826,103, 79, 70,141,
199211130857, 71, 52, 39,147,unchi
199211130926, 66, 44, 35,129,
199211130954, 97, 71, 48,110,
199211131024, 87, 67, 44,110,m
199211131127, 66, 52, 42,129,uu
199211131157, 61, 46, 33,110,
199211131226, 77, 53, 44,117,
199211131259,114, 99, 69,153,m
199211131328, 89, 68, 50,129,
199211131358, 96, 76, 65,159,
199211131428, 96, 69, 49,150,
199211131458,101, 67, 47,136,
199211131528, 62, 39, 28,133,
199211131557, 70, 58, 43,133,
199211131627, 67, 41, 31,111,
199211131659, 51, 49, 44,170,
199211131729,117, 75, 56,163,
199211131759, 98, 94, 89,147,
199211131828, 81, 60, 47,129,
199211131858, 70, 43, 30,111,
199211131931, 86, 79, 73,141,
199211132000, 96, 75, 61,147,
199211132031,103, 65, 53,153,
199211132100, 92, 64, 53,138,
199211132242,127,123,118, 69,
199211132315,100, 89, 84,187,
199211132345,108, 80, 71,150,
199211140015, 69, 43, 38,133,
199211140045, 82, 62, 49,147,
199211140115, 90, 83, 74,150,
199211140145, 76, 52, 41,113,
199211140215, 65, 48, 33,107,
199211140244, 73, 49, 35,102,
199211140314, 61, 47, 42,111,
199211140345, 68, 51, 43,127,
199211140414, 59, 41, 29,117,
199211140445, 70, 47, 38,122,
199211140514, 67, 55, 41,119,
199211140544, 70, 54, 49,125,
199211140614, 82, 55, 44,133,
199211140644, 58, 41, 32,122,
199211140714, 73, 42, 36,117,
199211140744, 68, 46, 31,115,
199211140814, 82, 58, 41,117,
199211140844, 84, 81, 76,156,
199211140929, 85, 70, 54,156,
199211140958, 72, 49, 34,119,
199211141028, 81, 54, 47,127,
199211141058, 69, 43, 29,117,
199211141142, 92, 72, 58,197,
199211141211, 65, 43, 37,136,
199211141241, 73, 55, 45,147,
199211141311, 89, 76, 51,144,
199211141341, 72, 43, 29,138,
199211141419, 88, 68, 50,150,
199211141451,147,132,119, 53,
199211141456,100, 72, 46,153,
199211141526, 74, 55, 48,129,
199211141556, 90, 76, 59,163,
199211141626, 76, 56, 38,138,
199211141656, 58, 44, 34,159,
199211141726, 57, 39, 27,113,
199211141756, 70, 41, 32,102,
199211141826, 64, 44, 30,107,
199211141858, 65, 50, 34,120,
199211141929, 59, 50, 40,147,
199211141958, 85, 57, 39,144,
199211142102, 78, 63, 48,163,
199211142135, 87, 74, 51,178,
199211142205,103, 82, 71,138,
199211142234,104, 83, 65,147,
199211142307, 91, 84, 59,147,
199211142337, 74, 51, 44,133,
199211150007, 73, 61, 56,170,
199211150039, 70, 62, 57, 93,
199211150110, 92, 68, 43,122,
199211150141, 66, 36, 24,125,
199211150210, 83, 47, 38,108,
199211150240, 73, 54, 41,107,
199211150337, 73, 54, 40,127,m
199211150408, 81, 52, 46,144,
199211150437, 69, 39, 29,119,
199211150507, 72, 44, 30,119,
199211150537, 74, 46, 34,113,
199211150607, 74, 51, 44,131,
199211150637, 77, 60, 38,111,
199211150707, 74, 51, 42,136,m
199211150736, 79, 53, 46,138,
199211150807, 61, 55, 50,150,
199211150838, 55, 53, 48,153,
199211150906, 54, 38, 26,119,
199211150936, 75, 53, 37,119,
199211151007, 90, 78, 72,153,m
199211151036, 85, 59, 49,131,
199211151106, 80, 55, 45,147,
199211151136, 61, 41, 30,133,
199211151206, 76, 45, 33,120,
199211151236, 81, 71, 57,136,
199211151312, 89, 78, 65,166,
199211151342, 88, 60, 49,153,
199211151413, 90, 67, 55,159,
199211151442, 80, 50, 38,136,
199211151512, 60, 39, 27,111,
199211151543, 73, 66, 57, 65,
199211151612, 87, 59, 47,141,
199211151712, 68, 52, 44,136,
199211151747, 52, 38, 28,131,
199211151817, 69, 53, 47,129,
199211151848, 72, 53, 40,119,
199211151920, 81, 56, 41,120,
199211152022, 83, 73, 68,147,
199211152125, 83, 64, 57,159,
199211160011, 80, 50, 42,122,
199211160052, 74, 51, 37,129,
199211160146, 70, 46, 32,125,
199211160215, 62, 35, 25,107,
199211160245, 70, 46, 29,111,
199211160316, 78, 59, 54,120,
199211160345, 91, 72, 56,156,
199211160415, 84, 64, 53,150,
199211160445, 78, 38, 33,115,
199211160515, 58, 42, 30,119,
199211160545, 72, 54, 39,117,
199211160615, 64, 40, 31,111,
199211160700,107, 86, 66,150,
199211160730, 82, 68, 56,138,
199211160800, 65, 44, 37,125,
199211160830, 58, 41, 29,127,
199211160900, 73, 55, 50,111,
199211160931, 87, 77, 72,182,
199211161000, 67, 46, 37,141,
199211161033, 68, 63, 58,182,
199211161103, 87, 62, 57,178,
199211161233, 99, 92, 82,104,
199211161306,102, 83, 66,156,
199211161335, 89, 62, 43,119,
199211161405, 96, 76, 60,129,
199211161438,109, 88, 64,153,
199211161512, 70, 45, 36,125,
199211161542, 78, 52, 41,113,
199211161612, 95, 75, 60,153,
199211161642, 75, 46, 36,127,
199211161712, 62, 41, 28,125,
199211161742, 82, 77, 66,163,
199211161812, 76, 53, 41,127,
199211161842, 69, 44, 33,111,
199211161911, 69, 48, 33,120,
199211161941, 65, 42, 30,120,
199211162011, 59, 41, 28,117,
199211162042,106, 65, 42,150,
199211162114, 99, 76, 68,153,
199211162214,100, 91, 73,159,
199211170014, 74, 55, 39,153,
199211170045, 95, 83, 56,150,
199211170115, 71, 48, 34,108,
199211170145, 54, 39, 26,115,
199211170215, 68, 43, 30,102,
199211170245, 73, 60, 43,131,
199211170315, 67, 43, 29,102,
199211170345, 58, 42, 31,111,
199211170415, 75, 61, 55,156,
199211170444, 82, 57, 49,147,
199211170544, 75, 44, 34,119,
199211170614, 67, 47, 36,117,
199211170644, 73, 46, 33,120,
199211170714, 73, 55, 39,129,
199211170814, 79, 73, 55,147,
199211170844, 77, 58, 45,133,
199211170914, 63, 44, 32,125,
199211170944, 62, 41, 31,110,
199211171014, 69, 48, 40,115,
199211171044, 87, 81, 66,170,
199211171114, 87, 73, 64,166,
199211171214, 90, 79, 56,153,
199211171244, 95, 75, 59,153,
199211171344, 88, 62, 52,131,
199211171413, 76, 63, 45,133,
199211171443, 58, 37, 27,117,
199211171514,100, 63, 86,136,
199211171543, 85, 52, 40,119,
199211171613, 88, 67, 55,147,
199211171643, 62, 39, 29,131,
199211171713, 77, 54, 44,119,
199211171743, 65, 48, 34,119,
199211171813, 66, 42, 29,122,
199211171913, 81, 56, 42,144,
199211171942, 82, 62, 51,125,
199211172042, 70, 57, 38,122,
199211172113, 73, 61, 45,147,
199211172143, 92, 88, 83,197,
199211172212, 78, 58, 40,131,
199211172242, 79, 54, 46,122,
199211172312, 72, 44, 35,111,
199211172342, 80, 50, 36,107,
199211180012, 67, 49, 34,104,
199211180045, 81, 70, 65,129,
199211180115, 96, 83, 69,150,
199211180145,101, 73, 54,150,
199211180217, 83, 57, 42,129,
199211180247, 63, 40, 28,125,
199211180316, 68, 47, 39,107,
199211180346, 58, 38, 30,113,
199211180417, 97, 82, 57,150,
199211180516, 75, 52, 36,129,
199211180546, 82, 56, 45,131,
199211180616, 82, 46, 39,122,
199211180647, 69, 53, 39,120,
199211180717, 83, 53, 43,141,
199211180746, 76, 47, 42,122,
199211180816, 71, 46, 41,133,
199211180846, 64, 47, 34,133,
199211180916, 69, 58, 39,120,
199211181017, 73, 55, 41,150,
199211181046, 85, 60, 52,147,
199211181117, 87, 55, 37,170,
199211181217,127, 98, 81,144,
199211181247, 90, 77, 49,113,
199211181450, 81, 63, 57,131,
199211181518, 69, 58, 39,111,
199211181548, 58, 41, 30,111,
199211181618, 55, 36, 29, 97,
199211181648,110, 77, 53,141,
199211181718, 83, 63, 46,138,
199211181748, 91, 51, 40,119,
199211181818, 70, 48, 33,111,
199211181848, 66, 42, 28,117,
199211181918, 71, 64, 51,150,
199211181948, 82, 57, 42,111,
199211182019, 86, 75, 70, 65,
199211182048, 94, 72, 56,166,
199211182118, 88, 56, 42,117,
199211182148, 95, 77, 58,166,
199211182217, 75, 57, 39,129,
199211182247, 89, 68, 56,141,
199211182317, 97, 69, 49,125,
199211182347, 69, 41, 29,117,
199211190017, 70, 42, 31,108,
199211190047, 65, 43, 34,102,
199211190117, 72, 60, 47,133,
199211190217, 84, 73, 59,163,
199211190247, 83, 53, 46,125,
199211190317, 68, 43, 33,107,
199211190416, 77, 58, 41,122,
199211190447, 74, 61, 53,127,
199211190547, 88, 81, 76,159,
199211190616, 75, 53, 43,122,
199211190646, 77, 56, 38,113,
199211190716, 70, 48, 35,129,
199211190816,103, 76, 54,179,
199211190847, 77, 54, 39,119,
199211190916, 71, 48, 34,122,
199211191017,105, 85, 67,147,
199211191830, 73, 46, 40,129,
199211191900, 59, 44, 32,113,
199211191930, 73, 56, 44,131,
199211192000, 70, 53, 41,136,
199211192030, 79, 74, 69,127,
199211192100, 68, 45, 31,125,
199211192129, 63, 37, 26,115,
199211192159, 77, 54, 44,108,
199211192230, 63, 36, 26,120,
199211192259, 50, 34, 24,119,
199211192330, 97, 82, 72,156,
199211192359, 78, 52, 40,141,
199211200030, 70, 53, 44,117,
199211200059, 65, 41, 32,115,
199211200129, 70, 59, 41,125,
199211200159, 61, 43, 33,104,
199211200259, 76, 63, 54,159,
199211200429, 77, 69, 64,153,
199211200459, 89, 68, 49,153,
199211200530, 82, 68, 57,150,
199211200600, 79, 60, 41,136,
199211200630, 66, 50, 39,138,
199211200659, 66, 50, 40,141,
199211200730,105, 84, 55,163,
199211200759, 64, 47, 33,133,
199211200829, 71, 47, 38,117,
199211200903, 86, 79, 61,170,
199211200932, 91, 71, 54,159,
199211201002, 90, 70, 54,153,
199211201033, 75, 45, 40,150,
199211201104, 82, 72, 53,141,
199211201133, 88, 68, 55,144,
199211201233, 69, 44, 32,125,
199211201302, 90, 76, 62,153,
199211201332, 70, 52, 41,133,
199211201402, 90, 65, 45,136,
199211201432, 77, 52, 39,127,
199211201502, 94, 73, 66,127,
199211201532, 61, 40, 27,120,
199211201602, 74, 47, 35,107,
199211201632, 89, 62, 42,117,
199211201702, 96, 77, 52,144,
199211201732, 68, 58, 51,159,
199211201802, 59, 41, 27,120,
199211201832, 68, 43, 32,115,
199211201902, 63, 48, 34,133,
199211201932, 51, 39, 27,117,
199211202002, 70, 54, 43,141,
199211202031, 81, 51, 36,136,
199211202102, 61, 37, 26,125,
199211202131, 74, 52, 41,110,
199211202201, 84, 52, 35,115,
199211202232,112, 91, 60,156,
199211202301, 84, 46, 34,133,
199211202331, 88, 51, 41,108,
199211210001, 81, 42, 34,119,
199211210032, 67, 55, 43,147,
199211210131, 74, 55, 43,138,
199211210201, 82, 56, 47,153,
199211210231, 75, 43, 33,119,
199211210301, 63, 40, 27,115,
199211210331,114, 86, 76,153,
199211210400, 88, 67, 54,136,
199211210432, 36, 34, 29,150,
199211210500, 75, 51, 38,125,
199211210530, 61, 40, 28,122,
199211210603, 80, 50, 37,125,
199211210632, 64, 40, 32,111,
199211210702, 77, 49, 35,104,
199211210732, 91, 72, 59,150,
199211210802, 79, 48, 40,138,
199211210833, 78, 67, 50,153,
199211210933, 75, 64, 49,144,
199211211002, 80, 61, 51,144,
199211211033, 85, 59, 54,159,
199211211103, 80, 67, 53,136,
199211211133, 81, 61, 51,127,
199211211233, 87, 60, 49,119,
199211211322, 97, 83, 66,170,
199211211352, 72, 44, 37,131,
199211211422, 82, 68, 57,141,
199211211522, 84, 58, 46,119,
199211211552, 59, 38, 26,129,
199211211623, 75, 60, 39,138,
199211211652, 70, 41, 30,119,
199211211722, 76, 51, 41,115,
199211211752, 64, 41, 32,120,
199211211821, 84, 71, 58,147,
199211211852, 88, 63, 48,141,
199211211921, 68, 47, 34,125,
199211211951, 59, 38, 26,127,
199211212021, 65, 50, 36,120,
199211212051, 60, 41, 30,110,
199211212121, 76, 70, 54,108,
199211212151, 75, 52, 40,136,
199211212221, 82, 62, 54,150,
199211212252,101, 75, 58,153,
199211212323, 61, 43, 31,129,
199211212352, 82, 57, 44,120,
199211220022, 83, 53, 40,115,
199211220052, 79, 59, 40,113,
199211220212, 85, 68, 63,153,
199211220253, 75, 64, 59,163,
199211220326, 89, 69, 47,150,
199211220356, 68, 43, 30,107,
199211220440,116,109, 85,178,
199211220441,115, 88, 67,156,
199211220501,107, 81, 61,159,
199211220531, 75, 52, 44,127,
199211220601, 71, 49, 38,119,
199211220631, 64, 44, 31,127,
199211220701, 69, 48, 39,120,
199211220731, 74, 56, 39,138,
199211220801, 60, 40, 27,129,
199211220831, 85, 58, 47,138,
199211220901, 80, 61, 50,144,
199211220931, 71, 54, 39,125,
199211221001, 65, 41, 29,122,
199211221030, 73, 45, 36,119,
199211221100, 65, 41, 28,117,
199211221132, 84, 72, 46,150,
199211221202, 93, 78, 61,159,
199211221233, 48, 46, 41,144,
199211221302, 58, 53, 42,138,
199211221345,107, 88, 70,159,m:13:30
199211221415, 79, 55, 39,131,
199211221445, 88, 68, 52,156,
199211221515, 77, 58, 39,131,
199211221544, 93, 67, 53,133,
199211221702, 82, 63, 44,125,m
199211221732, 75, 52, 40,122,
199211221802, 99, 79, 58,122,
199211221832, 99, 58, 48,122,
199211221902, 73, 44, 30,117,
199211221931, 75, 52, 35,108,
199211222002, 69, 52, 47,131,m
199211222031, 63, 40, 30,111,
199211222102,102, 74, 52,147,
199211222131, 83, 64, 50,138,
199211222207, 83, 69, 48,147,
199211222236, 85, 71, 48,141,
199211222307, 59, 38, 26,119,
199211230001, 82, 64, 41,122,m
199211230030, 83, 63, 49,131,
199211230130, 92, 81, 76,153,m
199211230230, 77, 58, 39,120,
199211230300, 71, 43, 30,115,
199211230330, 79, 49, 38,119,
199211230400, 81, 55, 39,113,
199211230430, 82, 58, 40,166,
199211230500, 89, 79, 57,159,
199211230600,104, 78, 65,159,
199211230630, 63, 37, 26,125,
199211230701, 81, 77, 72,187,
199211230729, 60, 42, 29,129,
199211230759, 83, 52, 41,107,
199211230829, 76, 52, 38,119,
199211230900,104, 83, 63,163,
199211230930, 84, 64, 50,131,
199211231000, 78, 59, 44,122,
199211231100, 87, 81, 67,147,
199211231130, 85, 79, 70,153,
199211231159, 86, 59, 46,150,
199211231232, 89, 63, 47,182,
199211231303, 69, 62, 57,182,
199211231432, 84, 74, 53,147,
199211231502,106, 92, 71,141,
199211231531, 95, 75, 59,163,
199211231602, 83, 69, 54,153,
199211231631, 81, 55, 44,136,
199211231701, 84, 52, 43,111,
199211231808, 81, 65, 44, 96,
199211231836, 68, 43, 30,136,
199211231906, 76, 58, 41,129,
199211231936, 78, 52, 38,120,
199211232006, 64, 40, 28,110,
199211232036, 72, 44, 38,120,
199211232106,101, 80, 63,153,
199211232136,102, 76, 65,133,
199211232206, 91, 64, 48,136,
199211232236, 72, 43, 32,127,
199211232306, 73, 50, 36,131,
199211232336, 88, 57, 41,131,
199211240005, 98, 64, 47,129,
199211240035, 84, 58, 39,122,
199211240105, 73, 58, 44,138,
199211240135, 90, 72, 59,159,
199211240205, 78, 48, 35,127,
199211240235, 64, 41, 29,117,
199211240306, 80, 60, 42,125,
199211240406, 73, 49, 33,113,
199211240435, 61, 37, 27,122,
199211240505, 75, 58, 48,122,
199211240535, 85, 58, 52,147,
199211240605, 51, 45, 40,166,
199211240635, 55, 51, 41,129,
199211240705, 61, 38, 27,136,
199211240735, 73, 55, 42,136,
199211240804, 61, 40, 27,131,
199211240834, 82, 62, 49,156,
199211240935, 56, 49, 44,170,
199211241045, 98, 85, 72,156,
199211241115, 92, 72, 48,138,
199211241145, 83, 63, 48,144,
199211241215, 88, 64, 47,150,
199211241250, 98, 75, 56,159,
199211241322, 95, 61, 49,136,
199211241355,106, 73, 61,170,
199211241425,100, 72, 51,133,
199211241525, 81, 57, 43,156,
199211241555, 84, 64, 49,153,
199211241655, 73, 41, 30,120,
199211241724, 60, 38, 26,113,
199211241754, 74, 50, 35,115,
199211241854, 83, 62, 48,136,
199211241925, 76, 70, 54,153,
199211241954, 77, 64, 55,136,
199211242024, 65, 44, 30,110,
199211242124, 80, 55, 38,115,
199211242154, 66, 45, 33,110,
199211242224, 74, 52, 41,120,
199211242323, 83, 42, 53,136,
199211250023, 65, 37, 28,113,
199211250223, 73, 56, 51,150,
199211250458, 86, 55, 36,127,
199211250558, 86, 55, 36,127,
199211250658, 75, 47, 33,111,
199211250759, 75, 69, 58,163,
199211251057, 81, 71, 66,170,
199211251100, 77, 48, 35,136,
199211251242,110, 91, 67,163,
199211251256,118,108, 89,147,
199211251308, 90, 59, 43,156,
199211251407, 91, 66, 61,136,
199211251507, 75, 51, 35,111,
199211251607, 75, 60, 55,163,
199211251707, 82, 62, 44,141,
199211251907,103, 87, 70,174,
199211252007, 84, 58, 50,156,
199211252206, 88, 68, 46,126,
199211252306, 70, 43, 31,110,
199211260006, 71, 43, 31,117,
199211260110, 89, 77, 68,150,
199211260210, 75, 51, 38,119,
199211260310, 60, 42, 31,111,
199211260410, 91, 58, 41,138,
199211260510, 84, 58, 42,129,
199211260609, 93, 50, 38,127,
199211261429, 63, 43, 30,150,
199211261529, 77, 69, 64,150,
199211261720,100, 74, 65,174,
199211261842,117,102, 71,150,
199211261912, 99, 86, 71,119,
199211261937,101, 60, 44,127,
199211262037, 74, 57, 41,113,
199211262137, 75, 51, 39,102,
199211262237, 83, 51, 35,115,
199211262337, 68, 42, 33,147,
199211270037, 83, 63, 53,119,
199211270136, 94, 67, 47,136,
199211270236, 80, 61, 43,156,
199211270357, 74, 68, 47,127,
199211270456, 74, 51, 37,141,
199211270556, 90, 58, 47,178,
199211270735,101, 91, 74,150,
199211270835, 87, 68, 48,159,
199211271024, 95, 76, 57,163,
199211271217,116,110,105,163,
199211271220,100, 83, 64,150,
199211271320, 94, 67, 50,127,
199211271420, 67, 45, 33,127,
199211271505, 84, 65, 48,119,
199211271605, 78, 48, 35,127,
199211271723, 81, 61, 48,125,
199211271823, 68, 40, 31,110,
199211271922, 68, 43, 29,156,
199211272023, 78, 75, 64,153,
199211280022, 86, 67, 46,127,
199211280123, 97, 71, 58,153,
199211280224, 94, 75, 60,156,
199211280423, 89, 62, 49,127,
199211280523, 65, 42, 31,122,
199211280623, 77, 53, 41,113,
199211280904, 76, 44, 35,178,
199211281006, 74, 42, 37,138,
199211281110, 82, 52, 40,131,
199211281247, 81, 61, 48, 70,
199211281348,109,100, 95,122,
199211281847, 85, 64, 42,136,
199211282026, 77, 38, 31,133,
199211282125, 81, 65, 56,163,
199211282225,105, 84, 71,125,
199211282325, 71, 43, 34,110,
199211290225, 66, 49, 33,111,
199211290324, 84, 65, 46,125,
199211290524, 91, 72, 61,144,
199211290624, 77, 66, 50,178,
199211290727,117,104, 72,159,
199211290737,100, 67, 51,153,
199211290837, 82, 62, 54,131,
199211291203, 68, 46, 34,120,
199211291302, 89, 53, 38,108,
199211291701, 89, 77, 64,163,
199212020728, 72, 49, 37,125,
199212030730, 97, 78, 59,150,
199212040833,101, 82, 71,163,
199212050932,100, 74, 61,157,
199212070707,108, 83, 54,159,
199212080722, 89, 69, 64,156,
199212100750, 92, 72, 45,129,
199212131101, 85, 72, 54,138,
199212131131, 74, 50, 37,127,
199212131232,112, 71, 60,159,
199212131303, 92, 65, 54,166,
199212131333, 86, 60, 53,153,
199212132139, 97, 63, 44,127,
199212132221, 91, 76, 51,147,
199212140100, 77, 70, 52,122,
199212140810, 83, 58, 40, 74,
199212140812, 85, 65, 63,147,
199212150758, 84, 54, 49,187,
199212170709,105, 59, 47,163,
199212190853, 90, 79, 60,153,
199212190953, 79, 61, 50,153,
199212191031, 80, 45, 36,147,
199212191136, 86, 59, 44,125,
199212191211, 78, 54, 46,150,
199212191240, 86, 73, 49,138,
199212191310, 86, 66, 59,156,
199212191340, 93, 67, 56,159,
199212191411,124, 96, 66,153,
199212191440, 97, 57, 43,138,
199212191542, 85, 54, 41,136,
199212191701,100, 70, 48,136,
199212191718,115, 89, 72,159,
199212191929, 70, 43, 30,122,
199212192000, 78, 65, 53,138,
199212192031, 82, 61, 55,111,
199212192101, 85, 44, 38,119,
199212192130, 87, 43, 38,117,
199212192258, 88, 55, 39,129,
199212192328, 89, 51, 41,117,
199212200028, 90, 53, 38,117,
199212200058, 87, 58, 53,125,
199212200128, 82, 44, 33,113,
199212200158, 90, 48, 39,115,
199212200228, 92, 59, 41,136,
199212200337, 69, 63, 45,166,
199212200405, 82, 53, 37,119,
199212200436, 95, 58, 43,125,
199212200506, 95, 61, 44,127,
199212200613, 82, 51, 40,127,
199212200743, 88, 75, 63,153,
199212200800, 86, 66, 51,156,
199212200829, 86, 56, 45,147,
199212200859, 81, 52, 41,127,
199212210913, 92, 89, 84,147,
199212220759, 92, 65, 43,170,
199212230924, 78, 67, 62,156,
199212240800, 82, 62, 42,127,
199212240803, 84, 52, 38,125,
199212250715, 93, 51, 36,125,
199212260828, 89, 57, 39,125,
199212270715,109, 52, 40,122,
199212312139, 90, 62, 42,117,
199212312209, 91, 59, 40,115,
199212312239, 77, 53, 38,108,
199212312303, 84, 66, 42,129,
199301010020, 82, 48, 39,119,
199301010054, 96, 70, 50,127,
199301010124, 96, 69, 45,115,
199301010154,100, 52, 47,104,
199301010224, 81, 55, 40,104,
199301010254, 96, 74, 67,129,
199301010324, 97, 58, 45,104,
199301010451, 79, 62, 50,153,
199301010520, 78, 48, 34,110,
199301010550, 92, 65, 43,129,
199301010650, 86, 49, 39,111,
199301010721, 92, 57, 38,122,
199301010750, 92, 48, 34,105,
199301010921, 96, 68, 50,144,
199301010951, 83, 53, 38,119,
199301011109, 91, 70, 44,127,
199301011139, 81, 55, 42,119,
199301011228, 91, 75, 60,153,
199301011319, 79, 67, 48,150,
199301011351, 86, 49, 38,141,
199301011504,110, 91, 77,147,
199301011640, 84, 58, 38,125,
199301011710, 78, 49, 32,113,
199301012030,103, 75, 53,127,
199301012118,102, 57, 41,122,
199301091303, 79, 67, 43,144,
199301091357,104, 76, 65,141,
199301092028, 79, 74, 60, 78,
199301092058, 71, 46, 41,147,
199301092127, 72, 44, 30,115,
199301092157, 85, 55, 41,122,
199301092227, 90, 49, 35,111,
199301092257, 76, 52, 36,101,
199301092327, 86, 54, 36,104,
199301100027, 73, 50, 35,100,
199301100150, 87, 75, 62,147,
199301100220, 76, 47, 36,115,
199301100250, 86, 59, 47,127,
199301100320, 84, 52, 37,105,
199301100350, 90, 56, 51,125,
199301100420, 83, 62, 40,115,
199301100449, 69, 47, 33,113,
199301100520, 76, 59, 39,111,
199301100549, 85, 54, 36,110,
199301100619, 83, 48, 33,115,
199301100805,105, 69, 57,153,
199301100915, 68, 64, 59, 56,
199301100938, 88, 79, 74,141,
199301101126, 99, 96, 84,150,
199301101208, 85, 47, 39,111,
199301101243,106,100, 80,141,
199301101340,121,117,111,159,
199301101342,102, 87, 74,147,
199301101411,103, 63, 46,125,
199301101511, 56, 49, 44,136,
199301101516, 71, 53, 48,144,
199301101539,123,118,100,129,
199301101548,119, 73, 60,138,
199301101831, 89, 57, 41,125,
199301101937, 98, 64, 56,156,
199301102004, 87, 51, 44,138,
199301170851, 87, 75, 60,144,
199301170921, 80, 50, 41,125,
199301170951, 86, 55, 43,125,
199301171054,105, 72, 51,120,
199301171125,118, 84, 63,153,
199301171235, 83, 72, 54,156,
199301171306, 74, 43, 38, 78,
199301171334, 75, 46, 33,115,
199301171503,101, 84, 74,150,
199301171537, 94, 66, 43,125,
199301171622,102, 94, 89,138,
199301171710,107, 66, 48,113,
199301171740, 87, 60, 39,113,
199301171857, 94, 54, 41,111,
199301171939, 93, 54, 41,113,
199301172009,101, 55, 40,120,
199301172039, 82, 47, 35,117,
199301172109, 81, 51, 35,111,
199301172210, 93, 75, 70,120,
199301172240,100, 54, 36,111,
199301172310, 88, 61, 40,108,
199301180041, 93, 54, 37,111,
199301180111, 91, 57, 41,110,
199301180141, 96, 69, 49,111,
199301180212, 87, 61, 51,113,
199301180311, 99, 59, 44,104,
199301180341,116, 97, 55,117,
199301180449, 91, 58, 38,113,
199301180519, 78, 49, 35,110,
199301180549, 85, 58, 43,127,
199301180619, 79, 44, 30,111,
199301180649,105, 58, 49,119,
199301180743,104, 95, 88,178,
199301180814, 83, 58, 37,113,
199301180844, 99, 68, 44,138,
199301210845,114, 89, 64,104,
199301241358,115,107, 92,147,
199301242340,106, 76, 50,113,
199301250000,114, 74, 46,108,
199301250030,101, 60, 40,115,
199301250130, 98, 73, 46,125,
199301250230, 94, 64, 59,129,
199301250336,123,113,105,159,
199301250407, 88, 60, 44,127,
199301250437, 88, 62, 43,105,
199301250507, 90, 64, 58,122,
199301250537, 96, 65, 44,108,
199301250607,102, 62, 43,115,
199301250637, 80, 49, 39,117,
199301250707, 76, 58, 36,119,
199301250743, 68, 61, 53, 69,
199301250813, 69, 64, 55,147,
199301250844, 69, 50, 36,138,
199301250914, 88, 79, 67,147,
199301250944,104, 64, 49,104,
199301251016, 85, 53, 43,138,
199301251102, 87, 73, 49,136,
199301251132,112, 91, 66,147,
199301251216, 81, 55, 37,133,
199301251245, 93, 56, 40,115,
199301251315, 86, 65, 42,111,
199301251345, 87, 52, 36,108,
199301251415, 94, 68, 48,117,
199301251445,102, 75, 65,147,
199301251517, 76, 54, 45,144,
199301251545, 94, 84, 71,147,
199301251615, 94, 80, 75,150,
199301251716, 88, 63, 58,202,
199301251755,101, 93, 81,153,
199301251825,120,105, 90,153,
199301251856, 95, 56, 42,120,
199301251955, 88, 51, 34,119,
199301252025, 91, 44, 32,105,
199301311230, 99, 94, 89,144,
199301311530,107, 99, 76,136,
199301311642,100, 73, 54,150,
199301312100, 89, 57, 38,119,
199301312211, 88, 56, 38,111,
199301312311, 82, 57, 40, 96,
199302010011, 89, 62, 43,107,
199302010511, 82, 52, 43,117,
199302010620, 90, 53, 38,115,
199302010706, 85, 58, 39,120,
199302010806, 90, 53, 35,113,
199302010916,100, 91, 77,153,
199302011000, 91, 63, 49,136,
199302011200, 82, 52, 35,119,
199302070927, 81, 63, 45,127,
199302071135, 64, 62, 56,133,
199302071313, 92, 58, 43,125,
199302071745, 91, 78, 71,147,
199302071910, 97, 57, 44,107,
199302072000, 89, 62, 42,101,
199302072100, 90, 58, 39,107,
199302072200, 89, 62, 43,115,
199302072300, 83, 53, 37,110,
199302080000, 77, 44, 32,104,
199302080100, 85, 55, 44,107,
199302080745, 96, 62, 44,117,
199302080753, 92, 59, 39,113,
199302080800, 96, 62, 42,110,
199302140837, 97, 59, 46,136,
199302141018, 87, 54, 41,110,
199302141120, 87, 80, 58,122,
199302141316, 89, 63, 45,108,s
199302141422, 89, 55, 37,133,
199302141530,107, 89, 58,125,
199302141650,105, 85, 60,120,
199302141726, 94, 57, 52,120,
199302141850, 98, 78, 60,133,
199302141955, 77, 51, 35,104,s
199302142020, 84, 52, 35,102,s
199302142115, 84, 59, 40, 94,s
199302142225, 92, 72, 47,100,
199302150805, 52, 41, 29,136,
199302200706, 85, 58, 39,120,
199302202305, 91, 79, 51,129,
199302210004, 90, 47, 37,101,
199302210500, 92, 58, 34, 93,
199302210545, 94, 60, 50, 96,
199302210555, 72, 60, 55,125,
199302210657, 96, 91, 74,131,
199302210756, 90, 58, 43, 94,
199302210859,114,108,102,125,
199302211202, 63, 58, 46,129,
199302211534, 98, 77, 66,141,
199302211816, 94, 86, 71,147,
199302211954, 91, 56, 37,101,
199302212054, 84, 54, 38,102,
199302212154, 80, 58, 38,108,
199302212253, 87, 62, 43,100,
199302220019, 75, 51, 37, 94,
199302220119, 81, 56, 44,104,
199302220219, 86, 58, 42,102,
199302220319, 82, 52, 39,102,
199302220419, 89, 57, 38,100,
199302220519, 84, 40, 34,100,
199303071049, 90, 60, 47,127,
199303071154, 80, 75, 70,129,
199303071300, 98, 72, 57,141,
199303071431, 89, 60, 41,120,
199303071542, 63, 60, 55,120,
199303071654,108, 66, 54,131,
199303071939, 98, 72, 48, 97,
199303072053, 85, 52, 36,101,
199303072338, 92, 57, 42,105,
199303080001, 95, 62, 41, 90,
199303080101, 84, 53, 36, 91,
199303080201, 70, 52, 42, 93,
199303080653, 82, 66, 47,131,
199303080732, 66, 52, 37,125,
199303080818, 74, 67, 51,120,
199303080906,101, 92, 70,147,
199303141432, 90, 59, 45,127,a
199303141705, 94, 75, 56,141,a
199303141846, 92, 58, 51, 97,s
199303141901,100, 73, 53,100,s
199303142221, 94, 50, 35, 98,s
199303142335, 86, 59, 42, 97,s
199303150206, 96, 69, 45, 91,s
199303150644, 90, 53, 46,127,a
199303150731, 78, 65, 60,113,s
199303150749, 96, 69, 45, 91,s
199303200841, 74, 60, 55,127,
199303201009, 86, 67, 45,131,
199303201100, 95, 62, 45, 91,s
199303201200,110,104, 88,127,
199303201300, 94, 80, 70,122,
199303201400, 88, 62, 52,125,
199303201500, 56, 46, 41,131,
199303201609, 97, 63, 43, 98,
199303201730, 49, 44, 39,131,
199303201842, 84, 59, 45, 97,s
199303201929, 88, 61, 42,102,s
199303202034, 84, 63, 43, 86,s
199303202137, 95, 69, 56,108,s
199303202239, 88, 67, 51,100,s
199303202333, 94, 67, 52,110,s moving
199303210059, 89, 58, 48, 96,s
199303210102, 83, 58, 42, 94,s
199303210202, 82, 56, 38,101,s
199303210302, 78, 39, 29, 93,
199303210523, 89, 62, 47,108,s defication
199303210625, 93, 66, 50,122,
199303210741, 91, 63, 46,125,
199303210850, 72, 62, 52,127,
199303281126, 94, 74, 46,133,
199303281559, 87, 75, 64,144,
199303281734,111, 97, 80,136,
199303282242, 84, 52, 38,105,
199303290737, 89, 52, 44,102,
199304040950,102, 87, 75,131,
199304041224, 95, 61, 42,115,
199304041916, 90, 53, 40, 87,
199304042253, 77, 48, 37, 98,
199304042322, 78, 47, 35, 88,
